2022-12-30,01,5.944,5.767,6.131,5.945,5.757,6.163,5.986,5.787,6.197,5.969,5.773,6.181,4.739,4.405,5.020,5.884,86.005,0.000,0.000,270.673,335.715,-61.335,0.000,0.000,256.297,0.000,7736.017,0.000,-999.000,-999.000,100.939,0.200,0.200,4.941,7.620,217.599,3.663,6.250,216.761,0.262,6.569,6.504,6.648,6.865,6.840,6.894,6.796,6.783,6.830,-999.000,-999.000,-999.000,8.935,10.768,4.683,4.478,4.864,-999.000,-999.000,-999.000,-999.000,-999.000,-999.000,6.841,6.830,6.864,-2.839,-1.952,-3.634,-13.733,0.675,0.668,0.675,0.710,0.682,0.684,0.681,0.734,0.531,,,,,,,,
2022-12-30,02,5.706,5.579,5.875,5.714,5.573,5.904,5.784,5.649,5.953,5.770,5.627,5.951,4.627,4.366,4.940,5.687,86.885,0.000,0.000,270.517,335.058,-60.967,0.000,0.000,256.653,0.000,7705.983,0.000,-999.000,-999.000,100.977,0.200,0.200,5.017,8.550,214.500,3.840,7.470,213.724,0.262,6.437,6.355,6.525,6.830,6.782,6.864,6.811,6.791,6.833,-999.000,-999.000,-999.000,8.928,10.763,4.326,4.187,4.481,-999.000,-999.000,-999.000,-999.000,-999.000,-999.000,6.894,6.850,6.914,-3.338,-2.420,-4.244,-15.036,0.675,0.669,0.674,0.710,0.682,0.684,0.680,0.733,0.531,,,,,,,,
2022-12-30,03,5.207,4.823,5.783,5.196,4.816,5.796,5.219,4.836,5.871,5.201,4.822,5.872,4.168,3.689,5.005,5.151,88.462,0.000,0.000,271.652,333.392,-57.999,0.000,0.000,258.110,0.000,7564.583,0.000,-999.000,-999.000,100.973,0.200,0.200,5.085,7.930,202.227,3.677,6.770,200.577,0.263,6.274,6.211,6.355,6.755,6.700,6.782,6.794,6.775,6.811,-999.000,-999.000,-999.000,8.920,10.766,4.103,3.972,4.187,-999.000,-999.000,-999.000,-999.000,-999.000,-999.000,6.901,6.865,6.914,-3.809,-2.889,-4.821,-15.177,0.675,0.669,0.675,0.710,0.682,0.684,0.680,0.733,0.530,,,,,,,,
2022-12-30,04,5.252,5.059,5.358,5.261,5.069,5.424,5.244,5.045,5.388,5.236,5.018,5.397,4.300,4.115,4.462,5.201,87.890,0.000,0.000,272.563,334.033,-58.169,0.000,0.000,259.368,0.000,7530.467,0.000,-999.000,-999.000,100.940,0.200,0.200,6.096,8.590,201.877,4.640,8.100,200.951,0.263,6.107,6.057,6.191,6.680,6.628,6.700,6.769,6.755,6.778,-999.000,-999.000,-999.000,8.932,10.748,3.868,3.812,3.969,-999.000,-999.000,-999.000,-999.000,-999.000,-999.000,6.879,6.856,6.911,-4.203,-3.312,-5.295,-15.640,0.675,0.668,0.676,0.709,0.682,0.684,0.680,0.732,0.530,,,,,,,,
2022-12-30,05,4.668,4.338,5.220,4.655,4.341,5.226,4.667,4.405,5.213,4.652,4.377,5.208,3.661,3.231,4.288,4.623,89.605,0.000,0.000,269.642,331.567,-58.348,0.000,0.000,256.440,0.000,7260.350,0.000,-999.000,-999.000,100.945,0.200,0.200,5.201,8.200,184.835,3.738,7.070,184.287,0.263,5.958,5.877,6.060,6.604,6.553,6.638,6.757,6.736,6.789,-999.000,-999.000,-999.000,8.932,10.747,3.708,3.557,3.815,-999.000,-999.000,-999.000,-999.000,-999.000,-999.000,6.883,6.856,6.915,-4.571,-3.705,-5.705,-15.216,0.674,0.669,0.676,0.709,0.682,0.684,0.680,0.732,0.530,,,,,,,,
2022-12-30,06,4.392,4.190,4.591,4.389,4.191,4.577,4.405,4.187,4.584,4.404,4.187,4.602,3.447,3.221,3.749,4.360,90.487,0.000,0.000,267.362,330.722,-60.012,0.000,0.000,254.082,0.000,7149.533,0.000,-999.000,-999.000,100.919,0.200,0.200,5.858,8.590,179.061,4.321,6.850,177.839,0.264,5.845,5.799,5.897,6.561,6.525,6.603,6.760,6.744,6.777,-999.000,-999.000,-999.000,8.910,10.742,3.420,3.291,3.557,-999.000,-999.000,-999.000,-999.000,-999.000,-999.000,6.898,6.856,6.916,-4.897,-4.048,-6.069,-16.123,0.674,0.666,0.677,0.709,0.682,0.684,0.680,0.732,0.530,,,,,,,,
2022-12-30,07,4.617,4.463,4.748,4.617,4.446,4.751,4.632,4.456,4.748,4.636,4.451,4.762,3.833,3.660,4.069,4.588,90.795,0.000,0.000,272.653,332.400,-56.691,0.000,0.000,260.123,0.000,7194.433,0.000,-999.000,-999.000,100.886,0.200,0.200,7.111,9.980,177.041,5.442,9.160,176.015,0.264,5.696,5.618,5.760,6.486,6.446,6.525,6.752,6.740,6.760,-999.000,-999.000,-999.000,8.901,10.732,3.260,3.246,3.291,-999.000,-999.000,-999.000,-999.000,-999.000,-999.000,6.924,6.913,6.942,-5.256,-4.390,-6.482,-15.941,0.673,0.665,0.677,0.709,0.682,0.684,0.679,0.732,0.530,,,,,,,,
2022-12-30,08,4.825,4.679,4.991,4.828,4.672,5.014,4.836,4.707,5.013,4.838,4.698,5.033,4.129,3.994,4.315,4.776,90.847,1.460,0.000,274.153,333.410,-54.508,1.471,0.000,261.695,0.000,7540.517,0.000,-999.000,-999.000,100.825,0.200,0.200,7.497,10.720,172.701,5.807,9.130,171.125,0.264,5.553,5.509,5.622,6.390,6.346,6.456,6.715,6.673,6.757,-999.000,-999.000,-999.000,8.940,10.744,3.335,3.268,3.383,-999.000,-999.000,-999.000,-999.000,-999.000,-999.000,6.902,6.892,6.929,-5.498,-4.696,-6.746,-14.018,0.673,0.667,0.677,0.710,0.683,0.685,0.679,0.732,0.530,,,,,,,,
2022-12-30,09,5.207,4.843,5.744,5.198,4.843,5.753,5.195,4.835,5.785,5.200,4.827,5.804,4.687,4.181,5.287,5.162,90.488,23.372,1.932,290.223,336.615,-24.572,23.189,0.000,279.563,0.000,7457.800,0.000,-999.000,-999.000,100.745,0.200,0.200,7.618,10.790,169.256,5.959,9.330,168.438,0.264,5.493,5.466,5.509,6.324,6.297,6.350,6.689,6.677,6.700,-999.000,-999.000,-999.000,8.912,10.739,3.486,3.380,3.644,-999.000,-999.000,-999.000,-999.000,-999.000,-999.000,6.935,6.911,6.953,-5.528,-4.897,-6.787,-11.773,0.672,0.667,0.677,0.710,0.683,0.685,0.679,0.732,0.530,,,,,,,,
2022-12-30,10,6.116,5.705,6.562,6.120,5.688,6.562,6.141,5.749,6.589,6.141,5.740,6.600,5.716,5.257,6.219,6.078,87.960,61.346,10.632,299.668,341.958,8.424,60.775,0.000,289.857,0.000,7699.450,0.000,-999.000,-999.000,100.679,0.200,0.200,6.965,10.030,160.814,5.465,8.300,160.252,0.265,5.435,5.409,5.479,6.260,6.239,6.307,6.633,6.599,6.679,-999.000,-999.000,-999.000,8.919,10.738,3.972,3.676,4.268,-999.000,-999.000,-999.000,-999.000,-999.000,-999.000,6.925,6.876,6.953,-5.277,-4.933,-6.458,-6.928,0.672,0.666,0.676,0.710,0.683,0.685,0.679,0.732,0.529,,,,,,,,
2022-12-30,11,7.124,6.585,7.384,7.128,6.572,7.396,7.155,6.632,7.431,7.154,6.628,7.427,6.710,6.212,6.961,7.090,84.412,71.726,12.847,309.773,346.613,22.039,70.895,0.000,300.480,0.000,7551.483,0.000,-999.000,-999.000,100.561,0.200,0.200,7.182,10.530,159.498,5.628,9.550,158.855,0.265,5.467,5.421,5.548,6.186,6.165,6.239,6.611,6.597,6.661,-999.000,-999.000,-999.000,8.911,10.732,4.642,4.304,4.966,-999.000,-999.000,-999.000,-999.000,-999.000,-999.000,6.938,6.897,6.959,-4.542,-4.649,-5.484,-1.261,0.672,0.664,0.676,0.710,0.683,0.685,0.679,0.732,0.529,,,,,,,,
2022-12-30,12,7.862,7.410,8.302,7.868,7.423,8.318,7.900,7.424,8.310,7.898,7.422,8.320,7.295,6.898,7.627,7.832,81.193,38.324,4.500,325.475,348.593,10.706,37.940,0.000,317.090,0.000,7513.417,0.000,-999.000,-999.000,100.358,0.200,0.200,9.090,13.240,162.976,7.110,12.270,162.464,0.265,5.565,5.504,5.641,6.136,6.117,6.188,6.572,6.552,6.613,-999.000,-999.000,-999.000,8.921,10.736,5.184,4.963,5.414,-999.000,-999.000,-999.000,-999.000,-999.000,-999.000,6.933,6.908,6.973,-3.489,-4.041,-4.116,2.426,0.671,0.662,0.676,0.710,0.683,0.685,0.678,0.732,0.529,,,,,,,,
2022-12-30,13,8.335,8.223,8.485,8.316,8.226,8.457,8.370,8.240,8.500,8.368,8.230,8.530,7.749,7.548,7.879,8.276,80.070,31.873,2.729,340.698,351.302,18.540,31.947,0.000,332.092,0.000,7620.883,0.000,-999.000,-999.000,100.157,0.200,0.200,9.302,14.170,160.259,7.356,12.260,159.224,0.265,5.724,5.641,5.795,6.115,6.097,6.124,6.560,6.549,6.575,-999.000,-999.000,-999.000,8.905,10.716,5.556,5.408,5.757,-999.000,-999.000,-999.000,-999.000,-999.000,-999.000,6.972,6.956,6.986,-2.517,-3.323,-2.936,3.949,0.671,0.665,0.676,0.710,0.683,0.685,0.678,0.732,0.529,,,,,,,,
2022-12-30,14,8.154,8.029,8.443,8.135,8.019,8.437,8.201,8.060,8.470,8.207,8.080,8.480,7.607,7.440,7.764,8.094,86.848,36.846,4.562,348.068,352.945,27.409,38.319,0.000,338.637,0.000,7116.967,1.000,-999.000,-999.000,99.932,0.200,0.200,9.023,13.240,157.121,7.294,11.920,157.124,0.265,5.853,5.795,5.936,6.079,6.058,6.098,6.525,6.493,6.555,-999.000,-999.000,-999.000,8.902,10.706,5.999,5.753,6.206,-999.000,-999.000,-999.000,-999.000,-999.000,-999.000,6.983,6.969,6.986,-1.700,-2.669,-2.010,6.026,0.672,0.667,0.674,0.710,0.683,0.685,0.678,0.732,0.529,,,,,,,,
2022-12-30,15,8.129,7.957,8.357,8.116,7.947,8.346,8.158,7.998,8.400,8.156,7.992,8.410,7.654,7.518,7.852,8.066,92.630,10.295,0.216,352.962,353.728,10.660,11.315,0.000,344.747,0.000,6580.217,0.550,-999.000,-999.000,99.790,0.200,0.200,9.731,14.900,163.547,7.763,12.810,163.066,0.265,5.999,5.933,6.080,6.067,6.049,6.094,6.483,6.477,6.503,-999.000,-999.000,-999.000,8.895,10.690,6.359,6.213,6.507,-999.000,-999.000,-999.000,-999.000,-999.000,-999.000,6.983,6.960,6.986,-0.828,-2.026,-1.063,7.392,0.667,0.663,0.673,0.709,0.683,0.685,0.678,0.731,0.529,,,,,,,,
2022-12-30,16,8.625,8.318,9.179,8.612,8.264,9.182,8.678,8.360,9.230,8.669,8.310,9.240,8.216,7.859,8.746,8.609,95.252,0.745,0.000,356.927,357.227,3.408,1.250,0.000,349.278,0.000,6506.183,0.340,-999.000,-999.000,99.785,0.200,0.200,9.283,13.270,179.719,7.433,11.580,177.768,0.265,6.138,6.083,6.197,6.081,6.054,6.104,6.475,6.449,6.503,-999.000,-999.000,-999.000,8.924,10.706,6.621,6.497,6.797,-999.000,-999.000,-999.000,-999.000,-999.000,-999.000,6.966,6.952,6.989,-0.059,-1.415,-0.309,7.890,0.666,0.664,0.675,0.709,0.683,0.685,0.678,0.732,0.529,,,,,,,,
2022-12-30,17,9.600,9.182,10.083,9.602,9.208,10.085,9.645,9.240,10.170,9.638,9.250,10.150,9.225,8.766,9.750,9.597,95.262,0.000,0.000,362.030,362.065,2.905,0.000,0.000,354.642,0.000,6741.983,0.150,-999.000,-999.000,99.791,0.200,0.200,8.428,12.440,189.843,6.483,10.210,188.765,0.265,6.292,6.203,6.376,6.100,6.068,6.122,6.448,6.424,6.465,-999.000,-999.000,-999.000,8.906,10.710,7.020,6.804,7.214,-999.000,-999.000,-999.000,-999.000,-999.000,-999.000,6.956,6.907,6.984,0.663,-0.879,0.318,9.453,0.666,0.664,0.675,0.709,0.682,0.685,0.678,0.732,0.529,,,,,,,,
2022-12-30,18,10.712,10.096,11.732,10.736,10.104,11.764,10.776,10.180,11.700,10.759,10.160,11.690,10.348,9.769,11.110,10.734,94.245,0.000,0.000,366.638,366.845,2.947,0.043,0.000,359.452,0.000,7138.700,0.200,-999.000,-999.000,99.847,0.200,0.200,8.232,15.250,201.267,6.338,10.480,199.986,0.264,6.460,6.362,6.570,6.120,6.071,6.156,6.408,6.394,6.433,-999.000,-999.000,-999.000,8.899,10.711,7.503,7.210,7.765,-999.000,-999.000,-999.000,-999.000,-999.000,-999.000,6.942,6.903,6.982,1.524,-0.307,1.089,11.936,0.666,0.665,0.675,0.709,0.682,0.685,0.678,0.732,0.529,,,,,,,,
2022-12-30,19,12.237,11.850,12.529,12.232,11.857,12.525,12.255,11.830,12.510,12.225,11.810,12.490,11.554,11.208,11.794,12.199,89.527,0.000,0.000,367.733,370.445,1.615,0.423,0.000,361.443,0.000,7597.283,0.060,-999.000,-999.000,99.958,0.200,0.200,8.331,13.350,220.460,6.477,11.320,219.843,0.264,6.676,6.559,6.793,6.158,6.125,6.190,6.403,6.384,6.428,-999.000,-999.000,-999.000,8.905,10.696,8.096,7.775,8.377,-999.000,-999.000,-999.000,-999.000,-999.000,-999.000,6.939,6.912,6.976,2.578,0.385,2.053,15.094,0.667,0.665,0.675,0.710,0.683,0.685,0.678,0.732,0.529,,,,,,,,
2022-12-30,20,12.722,12.424,13.034,12.736,12.398,13.043,12.786,12.450,13.110,12.781,12.440,13.120,11.955,11.774,12.138,12.716,85.178,0.285,0.000,370.867,372.467,3.742,0.000,0.000,363.785,0.000,7553.267,0.030,-999.000,-999.000,100.063,0.200,0.200,8.478,13.310,228.064,6.640,12.260,226.878,0.263,6.945,6.773,7.093,6.220,6.178,6.260,6.402,6.372,6.429,-999.000,-999.000,-999.000,8.900,10.698,8.629,8.370,8.808,-999.000,-999.000,-999.000,-999.000,-999.000,-999.000,6.963,6.938,6.978,3.740,1.300,3.195,17.433,0.668,0.666,0.674,0.710,0.683,0.685,0.678,0.732,0.529,,,,,,,,
2022-12-30,21,13.006,12.742,13.329,13.001,12.727,13.326,13.018,12.770,13.440,13.014,12.760,13.450,12.194,11.898,12.580,12.947,83.595,0.008,0.000,371.645,373.502,3.253,0.000,0.000,364.127,0.000,7351.100,0.000,-999.000,-999.000,100.156,0.200,0.200,8.619,13.630,224.189,6.723,12.490,223.525,0.263,7.202,7.069,7.324,6.286,6.249,6.350,6.396,6.379,6.428,-999.000,-999.000,-999.000,8.908,10.718,8.948,8.817,9.097,-999.000,-999.000,-999.000,-999.000,-999.000,-999.000,6.949,6.936,6.956,4.677,2.328,4.279,17.620,0.670,0.668,0.673,0.710,0.683,0.685,0.678,0.733,0.529,,,,,,,,
2022-12-30,22,13.261,13.097,13.416,13.269,13.109,13.418,13.309,13.180,13.430,13.308,13.160,13.450,12.412,12.245,12.557,13.214,82.115,0.000,0.000,370.890,374.708,0.751,0.000,0.000,363.292,0.000,7350.250,0.000,-999.000,-999.000,100.235,0.200,0.200,7.524,13.150,223.981,5.812,9.190,223.137,0.262,7.453,7.343,7.585,6.384,6.333,6.431,6.426,6.414,6.434,-999.000,-999.000,-999.000,8.915,10.690,9.218,9.101,9.313,-999.000,-999.000,-999.000,-999.000,-999.000,-999.000,6.973,6.949,6.975,5.339,3.247,5.123,17.458,0.673,0.666,0.673,0.710,0.683,0.685,0.678,0.734,0.530,,,,,,,,
2022-12-30,23,12.788,12.368,13.304,12.757,12.307,13.335,12.837,12.370,13.390,12.812,12.330,13.400,12.078,11.784,12.528,12.747,87.622,0.000,0.000,375.183,374.792,3.749,0.000,0.000,366.525,0.000,7115.700,0.790,-999.000,-999.000,100.273,0.200,0.200,6.230,10.950,214.498,4.810,9.380,213.134,0.263,7.652,7.591,7.717,6.477,6.428,6.507,6.437,6.427,6.447,-999.000,-999.000,-999.000,8.913,10.706,9.403,9.319,9.501,-999.000,-999.000,-999.000,-999.000,-999.000,-999.000,6.962,6.936,6.975,5.823,3.998,5.739,17.098,0.673,0.668,0.673,0.710,0.683,0.685,0.678,0.733,0.530,,,,,,,,
2022-12-30,24,12.465,12.243,12.752,12.449,12.190,12.741,12.492,12.240,12.780,12.464,12.200,12.770,11.948,11.640,12.246,12.437,93.985,0.000,0.000,376.333,374.952,4.028,0.000,0.000,369.118,0.000,6686.300,1.310,-999.000,-999.000,100.266,0.200,0.200,5.934,10.080,209.804,4.624,7.910,209.323,0.264,7.851,7.714,7.950,6.555,6.504,6.612,6.450,6.428,6.471,-999.000,-999.000,-999.000,8.923,10.694,9.593,9.491,9.728,-999.000,-999.000,-999.000,-999.000,-999.000,-999.000,6.945,6.917,6.960,6.131,4.531,6.157,16.980,0.670,0.669,0.674,0.710,0.683,0.685,0.678,0.733,0.531,,,,,,,,
