2022-12-31,01,12.542,12.257,12.759,12.531,12.236,12.781,12.560,12.270,12.790,12.548,12.280,12.780,11.943,11.676,12.197,12.509,94.623,0.000,0.000,376.138,375.753,3.156,0.000,0.000,370.693,0.000,6398.083,4.350,-999.000,-999.000,100.306,0.200,0.200,5.845,12.110,234.847,4.516,11.500,234.409,0.264,8.052,7.940,8.170,6.656,6.589,6.720,6.456,6.425,6.484,-999.000,-999.000,-999.000,8.923,10.681,9.861,9.728,9.944,-999.000,-999.000,-999.000,-999.000,-999.000,-999.000,6.920,6.917,6.933,6.455,4.933,6.551,17.747,0.671,0.668,0.675,0.710,0.684,0.686,0.678,0.733,0.531,,,,,,,,
2022-12-31,02,12.001,11.873,12.257,12.017,11.885,12.249,12.047,11.950,12.270,12.055,11.960,12.280,11.488,11.401,11.679,12.018,94.787,0.000,0.000,374.048,373.202,3.893,0.000,0.000,371.138,0.000,6958.567,2.130,-999.000,-999.000,100.312,0.200,0.200,4.399,7.980,249.221,3.348,6.730,249.459,0.263,8.205,8.176,8.225,6.768,6.714,6.819,6.499,6.474,6.511,-999.000,-999.000,-999.000,8.901,10.675,9.914,9.852,9.950,-999.000,-999.000,-999.000,-999.000,-999.000,-999.000,6.946,6.917,6.974,6.898,5.582,7.153,16.533,0.671,0.670,0.674,0.710,0.684,0.687,0.678,0.733,0.532,,,,,,,,
2022-12-31,03,11.636,11.398,11.889,11.629,11.370,11.908,11.675,11.430,11.930,11.666,11.410,11.930,11.188,10.981,11.462,11.620,95.125,0.000,0.000,373.083,371.408,4.813,0.000,0.000,368.810,0.000,7083.683,1.000,-999.000,-999.000,100.317,0.200,0.200,3.960,6.290,230.235,2.968,5.940,228.075,0.262,8.190,8.167,8.212,6.843,6.809,6.888,6.515,6.508,6.528,-999.000,-999.000,-999.000,8.881,10.688,9.806,9.729,9.862,-999.000,-999.000,-999.000,-999.000,-999.000,-999.000,6.946,6.922,6.964,6.692,6.086,7.408,14.045,0.672,0.673,0.674,0.710,0.684,0.687,0.678,0.734,0.532,,,,,,,,
2022-12-31,04,11.333,11.282,11.392,11.313,11.238,11.398,11.335,11.270,11.450,11.304,11.210,11.410,10.886,10.795,11.034,11.279,95.180,0.000,0.000,373.267,370.283,6.127,0.000,0.000,365.547,0.000,6499.050,3.070,-999.000,-999.000,100.325,0.200,0.200,4.262,6.310,221.024,3.294,5.450,220.261,0.263,8.198,8.187,8.218,6.943,6.888,7.004,6.563,6.524,6.608,-999.000,-999.000,-999.000,8.924,10.684,9.712,9.685,9.750,-999.000,-999.000,-999.000,-999.000,-999.000,-999.000,6.921,6.912,6.932,6.202,6.223,7.175,11.886,0.673,0.675,0.674,0.710,0.684,0.687,0.679,0.735,0.532,,,,,,,,
2022-12-31,05,11.166,11.056,11.289,11.138,11.019,11.281,11.171,11.100,11.280,11.127,11.050,11.260,10.739,10.670,10.857,11.085,97.112,0.000,0.000,374.168,370.277,7.045,0.000,0.000,368.312,0.000,6060.800,3.480,-999.000,-999.000,100.310,0.200,0.200,3.654,6.410,200.881,2.750,5.810,198.694,0.261,8.191,8.189,8.198,7.028,6.991,7.080,6.624,6.601,6.664,-999.000,-999.000,-999.000,8.912,10.679,9.668,9.616,9.695,-999.000,-999.000,-999.000,-999.000,-999.000,-999.000,6.935,6.919,6.960,5.758,6.167,6.821,10.910,0.674,0.675,0.674,0.710,0.685,0.687,0.679,0.735,0.533,,,,,,,,
2022-12-31,06,11.490,11.131,11.718,11.497,11.127,11.747,11.527,11.190,11.770,11.514,11.140,11.790,11.144,10.785,11.381,11.503,96.817,0.000,0.000,375.570,371.750,6.638,0.000,0.000,367.413,0.000,6673.367,1.200,-999.000,-999.000,100.314,0.200,0.200,4.862,8.030,205.105,3.740,7.640,203.063,0.260,8.198,8.189,8.224,7.097,7.073,7.119,6.664,6.646,6.689,-999.000,-999.000,-999.000,8.904,10.685,9.646,9.616,9.687,-999.000,-999.000,-999.000,-999.000,-999.000,-999.000,6.923,6.906,6.943,5.509,6.131,6.713,10.388,0.674,0.675,0.674,0.710,0.685,0.687,0.679,0.736,0.533,,,,,,,,
2022-12-31,07,11.902,11.638,12.664,11.899,11.623,12.682,11.951,11.690,12.700,11.933,11.640,12.690,11.584,11.316,12.223,11.917,96.475,0.000,0.000,378.043,373.655,7.438,0.000,0.000,369.020,0.000,6925.700,0.750,-999.000,-999.000,100.346,0.200,0.200,4.488,8.490,208.976,3.450,7.030,207.315,0.260,8.212,8.196,8.229,7.129,7.094,7.169,6.685,6.642,6.708,-999.000,-999.000,-999.000,8.902,10.680,9.710,9.670,9.774,-999.000,-999.000,-999.000,-999.000,-999.000,-999.000,6.925,6.909,6.938,5.392,6.062,6.708,10.774,0.675,0.676,0.674,0.710,0.685,0.687,0.679,0.736,0.533,,,,,,,,
2022-12-31,08,13.274,12.724,13.522,13.279,12.758,13.526,13.335,12.820,13.620,13.322,12.810,13.600,12.748,12.347,12.982,13.277,96.397,0.020,0.000,380.890,380.060,3.674,0.247,0.000,375.558,0.000,6337.983,6.470,-999.000,-999.000,100.364,0.200,0.200,6.228,12.800,224.359,4.905,10.830,222.783,0.259,8.257,8.225,8.322,7.191,7.156,7.220,6.729,6.686,6.758,-999.000,-999.000,-999.000,8.883,10.665,9.989,9.780,10.220,-999.000,-999.000,-999.000,-999.000,-999.000,-999.000,6.927,6.894,6.949,5.471,6.064,6.811,12.801,0.675,0.676,0.675,0.710,0.685,0.687,0.679,0.736,0.533,,,,,,,,
2022-12-31,09,13.222,13.038,13.419,13.256,13.034,13.536,13.306,13.100,13.570,13.324,13.120,13.610,12.418,12.212,12.851,13.283,92.973,4.995,0.031,376.847,378.888,4.843,5.875,0.000,370.247,0.000,6719.083,3.440,-999.000,-999.000,100.430,0.200,0.200,8.180,15.140,237.416,6.430,11.990,236.443,0.257,8.363,8.315,8.433,7.244,7.203,7.272,6.772,6.741,6.787,-999.000,-999.000,-999.000,8.898,10.665,10.416,10.226,10.534,-999.000,-999.000,-999.000,-999.000,-999.000,-999.000,6.941,6.936,6.956,6.472,6.138,7.440,16.218,0.675,0.676,0.675,0.710,0.686,0.688,0.679,0.737,0.533,,,,,,,,
2022-12-31,10,13.613,13.038,14.466,13.637,13.034,14.507,13.683,13.090,14.570,13.671,13.110,14.530,13.019,12.363,13.885,13.636,91.240,44.683,6.430,366.618,379.888,24.983,45.797,0.000,359.082,0.000,7641.317,0.000,-999.000,-999.000,100.540,0.200,0.200,6.554,11.630,227.724,5.123,9.820,226.725,0.257,8.511,8.433,8.596,7.293,7.259,7.340,6.813,6.781,6.859,-999.000,-999.000,-999.000,8.897,10.659,10.674,10.534,10.827,-999.000,-999.000,-999.000,-999.000,-999.000,-999.000,6.944,6.928,6.969,7.395,6.387,8.378,16.836,0.676,0.676,0.675,0.710,0.686,0.688,0.680,0.737,0.533,,,,,,,,
2022-12-31,11,14.976,14.554,15.205,14.979,14.543,15.214,15.040,14.600,15.230,15.019,14.580,15.220,14.357,13.816,14.554,14.978,86.323,52.529,8.347,380.452,385.688,38.945,52.209,0.222,373.692,0.000,7375.300,0.000,-999.000,-999.000,100.568,0.200,0.200,8.411,14.080,215.716,6.582,11.000,214.548,0.256,8.646,8.592,8.710,7.343,7.299,7.370,6.846,6.808,6.879,-999.000,-999.000,-999.000,8.890,10.666,11.081,10.827,11.354,-999.000,-999.000,-999.000,-999.000,-999.000,-999.000,6.933,6.911,6.960,7.456,6.862,9.161,18.446,0.676,0.676,0.675,0.710,0.686,0.688,0.680,0.737,0.533,,,,,,,,
2022-12-31,12,15.219,14.743,15.783,15.226,14.735,15.802,15.268,14.770,15.840,15.245,14.740,15.810,14.557,14.187,14.917,15.213,85.382,55.855,8.471,382.505,387.472,42.417,57.092,0.002,373.113,0.000,7004.633,0.130,-999.000,-999.000,100.563,0.200,0.200,8.700,15.370,212.997,6.870,12.230,212.128,0.254,8.796,8.714,8.886,7.407,7.362,7.441,6.890,6.852,6.914,-999.000,-999.000,-999.000,8.898,10.671,11.622,11.357,11.867,-999.000,-999.000,-999.000,-999.000,-999.000,-999.000,6.939,6.932,6.961,7.865,7.657,10.126,21.851,0.676,0.677,0.675,0.710,0.686,0.688,0.680,0.737,0.533,,,,,,,,
2022-12-31,13,15.199,14.982,15.468,15.204,14.991,15.483,15.236,14.990,15.540,15.208,14.970,15.500,14.461,14.295,14.635,15.177,84.355,35.358,3.858,377.083,385.772,22.812,36.802,0.000,368.808,0.000,7263.367,0.060,-999.000,-999.000,100.572,0.200,0.200,9.867,14.880,214.334,7.679,13.480,213.098,0.254,8.984,8.873,9.067,7.475,7.427,7.519,6.916,6.894,6.957,-999.000,-999.000,-999.000,8.897,10.672,11.992,11.870,12.074,-999.000,-999.000,-999.000,-999.000,-999.000,-999.000,6.952,6.945,6.958,8.473,8.774,11.232,23.362,0.676,0.677,0.676,0.710,0.686,0.688,0.680,0.737,0.532,,,,,,,,
2022-12-31,14,14.968,14.733,15.337,14.961,14.712,15.352,14.998,14.740,15.390,14.968,14.700,15.360,14.196,14.014,14.475,14.951,85.068,24.217,1.217,375.350,385.373,13.052,26.036,0.000,364.892,0.000,6968.133,0.290,-999.000,-999.000,100.594,0.200,0.200,9.477,15.590,213.596,7.487,12.790,212.571,0.254,9.195,9.077,9.296,7.573,7.513,7.619,6.989,6.940,7.023,-999.000,-999.000,-999.000,8.909,10.652,12.060,12.041,12.094,-999.000,-999.000,-999.000,-999.000,-999.000,-999.000,6.964,6.948,6.992,8.849,9.913,11.971,21.048,0.676,0.677,0.676,0.710,0.686,0.688,0.680,0.736,0.532,,,,,,,,
2022-12-31,15,15.137,14.796,15.493,15.138,14.778,15.487,15.178,14.800,15.460,15.156,14.780,15.470,14.277,14.073,14.456,15.124,80.739,9.642,0.035,380.737,383.925,8.926,10.891,0.000,373.685,0.000,7014.433,0.030,-999.000,-999.000,100.613,0.200,0.200,8.599,14.490,219.640,6.683,12.480,218.702,0.254,9.379,9.293,9.473,7.671,7.612,7.733,7.043,7.010,7.059,-999.000,-999.000,-999.000,8.907,10.637,12.019,11.963,12.048,-999.000,-999.000,-999.000,-999.000,-999.000,-999.000,6.995,6.975,7.012,8.971,10.596,12.159,18.693,0.676,0.676,0.676,0.710,0.685,0.687,0.680,0.736,0.532,,,,,,,,
2022-12-31,16,15.634,15.278,15.924,15.638,15.290,15.929,15.642,15.390,15.980,15.628,15.360,15.970,14.439,14.170,14.714,15.582,72.046,1.805,0.000,376.318,383.507,-0.478,2.188,0.000,368.220,0.000,6961.950,0.000,-999.000,-999.000,100.627,0.200,0.200,8.487,13.880,213.802,6.641,11.640,213.007,0.253,9.534,9.466,9.582,7.747,7.702,7.822,7.067,7.042,7.110,-999.000,-999.000,-999.000,8.899,10.678,11.846,11.714,11.963,-999.000,-999.000,-999.000,-999.000,-999.000,-999.000,7.004,6.971,7.049,8.703,10.815,11.958,15.912,0.677,0.675,0.676,0.710,0.685,0.687,0.680,0.735,0.531,,,,,,,,
2022-12-31,17,15.638,15.173,15.930,15.623,15.145,15.951,15.691,15.360,15.960,15.674,15.330,15.940,14.490,14.215,14.829,15.647,68.811,0.000,0.000,368.925,383.123,-9.851,0.000,0.000,359.917,0.000,6805.900,0.000,-999.000,-999.000,100.614,0.200,0.200,8.323,16.620,207.610,6.552,13.390,206.937,0.252,9.632,9.581,9.670,7.867,7.819,7.917,7.144,7.113,7.165,-999.000,-999.000,-999.000,8.905,10.643,11.590,11.449,11.708,-999.000,-999.000,-999.000,-999.000,-999.000,-999.000,7.031,7.013,7.049,8.127,10.583,11.402,13.122,0.677,0.674,0.676,0.710,0.685,0.687,0.680,0.735,0.531,,,,,,,,
2022-12-31,18,15.110,14.838,15.359,15.103,14.803,15.397,15.127,14.760,15.430,15.110,14.720,15.430,13.801,13.518,14.143,15.080,69.087,0.000,0.000,351.085,379.650,-24.305,0.000,0.000,341.030,0.000,7165.917,0.000,-999.000,-999.000,100.599,0.200,0.200,7.224,11.030,201.817,5.514,9.100,200.966,0.251,9.701,9.666,9.738,7.942,7.914,8.003,7.173,7.162,7.192,-999.000,-999.000,-999.000,8.899,10.677,11.263,11.075,11.452,-999.000,-999.000,-999.000,-999.000,-999.000,-999.000,7.039,7.020,7.049,7.532,10.074,10.665,10.046,0.677,0.674,0.676,0.710,0.685,0.687,0.681,0.737,0.531,,,,,,,,
2022-12-31,19,15.305,15.002,15.557,15.316,14.971,15.562,15.355,15.010,15.640,15.341,14.990,15.630,14.058,13.888,14.298,15.304,63.422,0.000,0.000,373.160,380.820,-3.370,0.000,0.000,364.850,0.000,7407.483,0.000,-999.000,-999.000,100.601,0.200,0.200,8.479,13.120,200.907,6.493,11.070,199.790,0.251,9.726,9.710,9.734,8.033,8.003,8.061,7.216,7.185,7.244,-999.000,-999.000,-999.000,8.913,10.685,10.993,10.914,11.082,-999.000,-999.000,-999.000,-999.000,-999.000,-999.000,7.035,7.017,7.049,6.890,9.396,9.690,7.672,0.677,0.674,0.676,0.710,0.685,0.687,0.681,0.738,0.531,,,,,,,,
2022-12-31,20,15.338,15.133,15.550,15.338,15.102,15.552,15.351,15.110,15.520,15.333,15.080,15.530,13.984,13.626,14.259,15.295,59.178,0.000,0.000,359.220,379.415,-16.219,0.000,0.000,349.527,0.000,7538.867,0.000,-999.000,-999.000,100.629,0.200,0.200,9.088,14.190,206.987,7.086,12.350,205.756,0.251,9.716,9.697,9.731,8.098,8.051,8.147,7.274,7.244,7.306,-999.000,-999.000,-999.000,8.906,10.687,10.799,10.636,10.924,-999.000,-999.000,-999.000,-999.000,-999.000,-999.000,7.051,7.046,7.059,6.408,8.697,8.856,6.815,0.677,0.673,0.676,0.710,0.686,0.688,0.681,0.738,0.531,,,,,,,,
2022-12-31,21,15.352,15.058,15.564,15.362,15.060,15.579,15.381,15.020,15.620,15.366,14.990,15.600,13.921,13.404,14.291,15.308,57.590,0.000,0.000,348.527,378.503,-26.382,0.000,0.000,338.458,0.000,7429.100,0.000,-999.000,-999.000,100.651,0.200,0.200,9.324,16.880,213.244,7.250,14.910,212.729,0.250,9.684,9.652,9.721,8.180,8.143,8.213,7.332,7.306,7.356,-999.000,-999.000,-999.000,8.916,10.666,10.469,10.345,10.643,-999.000,-999.000,-999.000,-999.000,-999.000,-999.000,7.050,7.046,7.056,5.946,8.059,8.108,4.297,0.677,0.671,0.676,0.710,0.686,0.688,0.681,0.738,0.530,,,,,,,,
2022-12-31,22,15.587,15.271,15.829,15.591,15.263,15.831,15.619,15.310,15.890,15.603,15.290,15.880,14.167,13.830,14.468,15.559,56.548,0.000,0.000,364.480,380.335,-12.211,0.000,0.000,355.010,0.000,7414.083,0.000,-999.000,-999.000,100.682,0.200,0.200,9.237,16.240,214.942,7.095,13.160,214.680,0.250,9.634,9.582,9.656,8.222,8.192,8.251,7.378,7.352,7.411,-999.000,-999.000,-999.000,8.909,10.678,10.288,10.259,10.335,-999.000,-999.000,-999.000,-999.000,-999.000,-999.000,7.077,7.053,7.092,5.400,7.375,7.233,3.447,0.677,0.670,0.676,0.710,0.686,0.687,0.681,0.738,0.530,,,,,,,,
2022-12-31,23,15.728,15.464,15.987,15.727,15.472,16.011,15.755,15.570,15.960,15.744,15.560,15.960,14.355,14.157,14.580,15.697,55.768,0.000,0.000,372.573,381.445,-5.109,0.000,0.000,363.832,0.000,7436.050,0.000,-999.000,-999.000,100.733,0.200,0.200,8.914,15.390,214.632,6.956,12.300,214.106,0.248,9.563,9.536,9.607,8.265,8.244,8.290,7.440,7.404,7.473,-999.000,-999.000,-999.000,8.894,10.675,10.283,10.271,10.296,-999.000,-999.000,-999.000,-999.000,-999.000,-999.000,7.106,7.085,7.128,5.055,6.769,6.650,4.499,0.677,0.670,0.676,0.710,0.685,0.687,0.681,0.737,0.530,,,,,,,,
2022-12-31,24,15.734,15.452,15.990,15.730,15.433,16.014,15.752,15.430,16.040,15.737,15.400,16.040,14.345,13.829,14.619,15.696,56.136,0.000,0.000,370.463,381.537,-7.487,0.000,0.000,361.257,0.000,7036.267,0.000,-999.000,-999.000,100.774,0.200,0.200,9.524,15.690,214.265,7.467,12.660,213.635,0.247,9.539,9.529,9.556,8.304,8.283,8.326,7.483,7.459,7.522,-999.000,-999.000,-999.000,8.888,10.672,10.302,10.284,10.318,-999.000,-999.000,-999.000,-999.000,-999.000,-999.000,7.131,7.105,7.147,4.926,6.350,6.388,5.193,0.676,0.670,0.676,0.710,0.685,0.687,0.681,0.737,0.529,,,,,,,,
